positif,dirawat,sembuh,meninggal,positif_kumulatif,dirawat_kumulatif,sembuh_kumulatif,meninggal_kumulatif,lastUpdate,tanggal
2,2,0,0,2,2,0,0,1583107200000,2020-03-02T00:00:00.000Z
0,0,0,0,2,2,0,0,1583193600000,2020-03-03T00:00:00.000Z
0,0,0,0,2,2,0,0,1583280000000,2020-03-04T00:00:00.000Z
0,0,0,0,2,2,0,0,1583366400000,2020-03-05T00:00:00.000Z
2,2,0,0,4,4,0,0,1583452800000,2020-03-06T00:00:00.000Z
0,0,0,0,4,4,0,0,1583539200000,2020-03-07T00:00:00.000Z
2,2,0,0,6,6,0,0,1583625600000,2020-03-08T00:00:00.000Z
13,13,0,0,19,19,0,0,1583712000000,2020-03-09T00:00:00.000Z
8,6,2,0,27,25,2,0,1583798400000,2020-03-10T00:00:00.000Z
7,6,0,1,34,31,2,1,1583884800000,2020-03-11T00:00:00.000Z
0,0,0,0,34,31,2,1,1583971200000,2020-03-12T00:00:00.000Z
35,32,0,3,69,63,2,4,1584057600000,2020-03-13T00:00:00.000Z
27,20,6,1,96,83,8,5,1584144000000,2020-03-14T00:00:00.000Z
21,21,0,0,117,104,8,5,1584230400000,2020-03-15T00:00:00.000Z
17,17,0,0,134,121,8,5,1584316800000,2020-03-16T00:00:00.000Z
38,37,1,0,172,158,9,5,1584403200000,2020-03-17T00:00:00.000Z
55,39,2,14,227,197,11,19,1584489600000,2020-03-18T00:00:00.000Z
82,72,4,6,309,269,15,25,1584576000000,2020-03-19T00:00:00.000Z
60,51,2,7,369,320,17,32,1584662400000,2020-03-20T00:00:00.000Z
81,72,3,6,450,392,20,38,1584748800000,2020-03-21T00:00:00.000Z
64,45,9,10,514,437,29,48,1584835200000,2020-03-22T00:00:00.000Z
65,63,1,1,579,500,30,49,1584921600000,2020-03-23T00:00:00.000Z
106,100,0,6,685,600,30,55,1585008000000,2020-03-24T00:00:00.000Z
105,101,1,3,790,701,31,58,1585094400000,2020-03-25T00:00:00.000Z
103,79,4,20,893,780,35,78,1585180800000,2020-03-26T00:00:00.000Z
153,133,11,9,1046,913,46,87,1585267200000,2020-03-27T00:00:00.000Z
109,81,13,15,1155,994,59,102,1585353600000,2020-03-28T00:00:00.000Z
130,113,5,12,1285,1107,64,114,1585440000000,2020-03-29T00:00:00.000Z
129,110,11,8,1414,1217,75,122,1585526400000,2020-03-30T00:00:00.000Z
114,94,6,14,1528,1311,81,136,1585612800000,2020-03-31T00:00:00.000Z
149,106,22,21,1677,1417,103,157,1585699200000,2020-04-01T00:00:00.000Z
113,91,9,13,1790,1508,112,170,1585785600000,2020-04-02T00:00:00.000Z
196,163,22,11,1986,1671,134,181,1585872000000,2020-04-03T00:00:00.000Z
106,80,16,10,2092,1751,150,191,1585958400000,2020-04-04T00:00:00.000Z
181,160,14,7,2273,1911,164,198,1586044800000,2020-04-05T00:00:00.000Z
218,179,28,11,2491,2090,192,209,1586131200000,2020-04-06T00:00:00.000Z
247,223,12,12,2738,2313,204,221,1586217600000,2020-04-07T00:00:00.000Z
218,181,18,19,2956,2494,222,240,1586304000000,2020-04-08T00:00:00.000Z
337,267,30,40,3293,2761,252,280,1586390400000,2020-04-09T00:00:00.000Z
219,163,30,26,3512,2924,282,306,1586476800000,2020-04-10T00:00:00.000Z
330,305,4,21,3842,3229,286,327,1586563200000,2020-04-11T00:00:00.000Z
399,280,73,46,4241,3509,359,373,1586649600000,2020-04-12T00:00:00.000Z
316,269,21,26,4557,3778,380,399,1586736000000,2020-04-13T00:00:00.000Z
282,176,46,60,4839,3954,426,459,1586822400000,2020-04-14T00:00:00.000Z
297,267,20,10,5136,4221,446,469,1586908800000,2020-04-15T00:00:00.000Z
380,251,102,27,5516,4472,548,496,1586995200000,2020-04-16T00:00:00.000Z
407,324,59,24,5923,4796,607,520,1587081600000,2020-04-17T00:00:00.000Z
325,286,24,15,6248,5082,631,535,1587168000000,2020-04-18T00:00:00.000Z
327,225,55,47,6575,5307,686,582,1587254400000,2020-04-19T00:00:00.000Z
185,116,61,8,6760,5423,747,590,1587340800000,2020-04-20T00:00:00.000Z
375,254,95,26,7135,5677,842,616,1587427200000,2020-04-21T00:00:00.000Z
283,193,71,19,7418,5870,913,635,1587513600000,2020-04-22T00:00:00.000Z
357,298,47,12,7775,6168,960,647,1587600000000,2020-04-23T00:00:00.000Z
436,352,42,42,8211,6520,1002,689,1587686400000,2020-04-24T00:00:00.000Z
396,325,40,31,8607,6845,1042,720,1587772800000,2020-04-25T00:00:00.000Z
275,187,65,23,8882,7032,1107,743,1587859200000,2020-04-26T00:00:00.000Z
214,148,44,22,9096,7180,1151,765,1587945600000,2020-04-27T00:00:00.000Z
415,304,103,8,9511,7484,1254,773,1588032000000,2020-04-28T00:00:00.000Z
260,112,137,11,9771,7596,1391,784,1588118400000,2020-04-29T00:00:00.000Z
347,208,131,8,10118,7804,1522,792,1588204800000,2020-04-30T00:00:00.000Z
433,356,69,8,10551,8160,1591,800,1588291200000,2020-05-01T00:00:00.000Z
292,187,74,31,10843,8347,1665,831,1588377600000,2020-05-02T00:00:00.000Z
349,124,211,14,11192,8471,1876,845,1588464000000,2020-05-03T00:00:00.000Z
395,298,78,19,11587,8769,1954,864,1588550400000,2020-05-04T00:00:00.000Z
484,233,243,8,12071,9002,2197,872,1588636800000,2020-05-05T00:00:00.000Z
367,224,120,23,12438,9226,2317,895,1588723200000,2020-05-06T00:00:00.000Z
338,239,64,35,12776,9465,2381,930,1588809600000,2020-05-07T00:00:00.000Z
336,210,113,13,13112,9675,2494,943,1588896000000,2020-05-08T00:00:00.000Z
533,404,113,16,13645,10079,2607,959,1588982400000,2020-05-09T00:00:00.000Z
387,282,91,14,14032,10361,2698,973,1589068800000,2020-05-10T00:00:00.000Z
233,32,183,18,14265,10393,2881,991,1589155200000,2020-05-11T00:00:00.000Z
484,286,182,16,14749,10679,3063,1007,1589241600000,2020-05-12T00:00:00.000Z
689,444,224,21,15438,11123,3287,1028,1589328000000,2020-05-13T00:00:00.000Z
568,322,231,15,16006,11445,3518,1043,1589414400000,2020-05-14T00:00:00.000Z
490,172,285,33,16496,11617,3803,1076,1589500800000,2020-05-15T00:00:00.000Z
529,408,108,13,17025,12025,3911,1089,1589587200000,2020-05-16T00:00:00.000Z
489,212,218,59,17514,12237,4129,1148,1589673600000,2020-05-17T00:00:00.000Z
496,258,195,43,18010,12495,4324,1191,1589760000000,2020-05-18T00:00:00.000Z
486,313,143,30,18496,12808,4467,1221,1589846400000,2020-05-19T00:00:00.000Z
693,564,108,21,19189,13372,4575,1242,1589932800000,2020-05-20T00:00:00.000Z
973,674,263,36,20162,14046,4838,1278,1590019200000,2020-05-21T00:00:00.000Z
634,367,219,48,20796,14413,5057,1326,1590105600000,2020-05-22T00:00:00.000Z
949,732,192,25,21745,15145,5249,1351,1590192000000,2020-05-23T00:00:00.000Z
526,352,153,21,22271,15497,5402,1372,1590278400000,2020-05-24T00:00:00.000Z
479,220,240,19,22750,15717,5642,1391,1590364800000,2020-05-25T00:00:00.000Z
415,153,235,27,23165,15870,5877,1418,1590451200000,2020-05-26T00:00:00.000Z
686,451,180,55,23851,16321,6057,1473,1590537600000,2020-05-27T00:00:00.000Z
687,481,183,23,24538,16802,6240,1496,1590624000000,2020-05-28T00:00:00.000Z
678,402,252,24,25216,17204,6492,1520,1590710400000,2020-05-29T00:00:00.000Z
557,-19,523,53,25773,17185,7015,1573,1590796800000,2020-05-30T00:00:00.000Z
700,367,293,40,26473,17552,7308,1613,1590883200000,2020-05-31T00:00:00.000Z
467,110,329,28,26940,17662,7637,1641,1590969600000,2020-06-01T00:00:00.000Z
609,289,298,22,27549,17951,7935,1663,1591056000000,2020-06-02T00:00:00.000Z
684,178,471,35,28233,18129,8406,1698,1591142400000,2020-06-03T00:00:00.000Z
585,76,486,23,28818,18205,8892,1721,1591228800000,2020-06-04T00:00:00.000Z
703,103,551,49,29521,18308,9443,1770,1591315200000,2020-06-05T00:00:00.000Z
993,498,464,31,30514,18806,9907,1801,1591401600000,2020-06-06T00:00:00.000Z
672,31,591,50,31186,18837,10498,1851,1591488000000,2020-06-07T00:00:00.000Z
847,409,406,32,32033,19246,10904,1883,1591574400000,2020-06-08T00:00:00.000Z
1042,492,510,40,33075,19738,11414,1923,1591660800000,2020-06-09T00:00:00.000Z
1241,490,715,36,34316,20228,12129,1959,1591747200000,2020-06-10T00:00:00.000Z
979,431,507,41,35295,20659,12636,2000,1591833600000,2020-06-11T00:00:00.000Z
1111,486,577,48,36406,21145,13213,2048,1591920000000,2020-06-12T00:00:00.000Z
1014,408,563,43,37420,21553,13776,2091,1592006400000,2020-06-13T00:00:00.000Z
857,59,755,43,38277,21612,14531,2134,1592092800000,2020-06-14T00:00:00.000Z
1017,361,592,64,39294,21973,15123,2198,1592179200000,2020-06-15T00:00:00.000Z
1106,493,580,33,40400,22466,15703,2231,1592265600000,2020-06-16T00:00:00.000Z
1031,446,540,45,41431,22912,16243,2276,1592352000000,2020-06-17T00:00:00.000Z
1331,713,555,63,42762,23625,16798,2339,1592438400000,2020-06-18T00:00:00.000Z
1041,456,551,34,43803,24081,17349,2373,1592524800000,2020-06-19T00:00:00.000Z
1226,636,534,56,45029,24717,17883,2429,1592611200000,2020-06-20T00:00:00.000Z
862,305,521,36,45891,25022,18404,2465,1592697600000,2020-06-21T00:00:00.000Z
954,588,331,35,46845,25610,18735,2500,1592784000000,2020-06-22T00:00:00.000Z
1051,510,506,35,47896,26120,19241,2535,1592870400000,2020-06-23T00:00:00.000Z
1113,658,417,38,49009,26778,19658,2573,1592956800000,2020-06-24T00:00:00.000Z
1178,340,791,47,50187,27118,20449,2620,1593043200000,2020-06-25T00:00:00.000Z
1240,293,884,63,51427,27411,21333,2683,1593129600000,2020-06-26T00:00:00.000Z
1385,772,576,37,52812,28183,21909,2720,1593216000000,2020-06-27T00:00:00.000Z
1198,137,1027,34,54010,28320,22936,2754,1593302400000,2020-06-28T00:00:00.000Z
1082,167,864,51,55092,28487,23800,2805,1593388800000,2020-06-29T00:00:00.000Z
1293,216,1006,71,56385,28703,24806,2876,1593475200000,2020-06-30T00:00:00.000Z
1385,538,789,58,57770,29241,25595,2934,1593561600000,2020-07-01T00:00:00.000Z
1624,499,1072,53,59394,29740,26667,2987,1593648000000,2020-07-02T00:00:00.000Z
1301,351,901,49,60695,30091,27568,3036,1593734400000,2020-07-03T00:00:00.000Z
1447,743,651,53,62142,30834,28219,3089,1593820800000,2020-07-04T00:00:00.000Z
1607,639,886,82,63749,31473,29105,3171,1593907200000,2020-07-05T00:00:00.000Z
1209,325,814,70,64958,31798,29919,3241,1593993600000,2020-07-06T00:00:00.000Z
1268,334,866,68,66226,32132,30785,3309,1594080000000,2020-07-07T00:00:00.000Z
1853,1003,800,50,68079,33135,31585,3359,1594166400000,2020-07-08T00:00:00.000Z
2657,1533,1066,58,70736,34668,32651,3417,1594252800000,2020-07-09T00:00:00.000Z
1611,681,878,52,72347,35349,33529,3469,1594339200000,2020-07-10T00:00:00.000Z
1671,415,1190,66,74018,35764,34719,3535,1594425600000,2020-07-11T00:00:00.000Z
1681,691,919,71,75699,36455,35638,3606,1594512000000,2020-07-12T00:00:00.000Z
1282,181,1051,50,76981,36636,36689,3656,1594598400000,2020-07-13T00:00:00.000Z
1591,590,947,54,78572,37226,37636,3710,1594684800000,2020-07-14T00:00:00.000Z
1522,21,1414,87,80094,37247,39050,3797,1594771200000,2020-07-15T00:00:00.000Z
1574,203,1295,76,81668,37450,40345,3873,1594857600000,2020-07-16T00:00:00.000Z
1462,-111,1489,84,83130,37339,41834,3957,1594944000000,2020-07-17T00:00:00.000Z
1752,259,1434,59,84882,37598,43268,4016,1595030400000,2020-07-18T00:00:00.000Z
1639,-621,2133,127,86521,36977,45401,4143,1595116800000,2020-07-19T00:00:00.000Z
1693,21,1576,96,88214,36998,46977,4239,1595203200000,2020-07-20T00:00:00.000Z
1655,85,1489,81,89869,37083,48466,4320,1595289600000,2020-07-21T00:00:00.000Z
1882,-46,1789,139,91751,37037,50255,4459,1595376000000,2020-07-22T00:00:00.000Z
1906,-120,1909,117,93657,36917,52164,4576,1595462400000,2020-07-23T00:00:00.000Z
1761,-109,1781,89,95418,36808,53945,4665,1595548800000,2020-07-24T00:00:00.000Z
1868,410,1409,49,97286,37218,55354,4714,1595635200000,2020-07-25T00:00:00.000Z
1492,124,1301,67,98778,37342,56655,4781,1595721600000,2020-07-26T00:00:00.000Z
1525,-50,1518,57,100303,37292,58173,4838,1595808000000,2020-07-27T00:00:00.000Z
1748,-681,2366,63,102051,36611,60539,4901,1595894400000,2020-07-28T00:00:00.000Z
2381,708,1599,74,104432,37319,62138,4975,1595980800000,2020-07-29T00:00:00.000Z
1904,-333,2154,83,106336,36986,64292,5058,1596067200000,2020-07-30T00:00:00.000Z
2040,352,1615,73,108376,37338,65907,5131,1596153600000,2020-07-31T00:00:00.000Z
1560,-514,2012,62,109936,36824,67919,5193,1596240000000,2020-08-01T00:00:00.000Z
1519,420,1056,43,111455,37244,68975,5236,1596326400000,2020-08-02T00:00:00.000Z
1679,351,1262,66,113134,37595,70237,5302,1596412800000,2020-08-03T00:00:00.000Z
1922,23,1813,86,115056,37618,72050,5388,1596499200000,2020-08-04T00:00:00.000Z
1815,-88,1839,64,116871,37530,73889,5452,1596585600000,2020-08-05T00:00:00.000Z
1882,57,1756,69,118753,37587,75645,5521,1596672000000,2020-08-06T00:00:00.000Z
2473,489,1912,72,121226,38076,77557,5593,1596758400000,2020-08-07T00:00:00.000Z
2277,463,1749,65,123503,38539,79306,5658,1596844800000,2020-08-08T00:00:00.000Z
1893,182,1646,65,125396,38721,80952,5723,1596931200000,2020-08-09T00:00:00.000Z
1687,361,1284,42,127083,39082,82236,5765,1597017600000,2020-08-10T00:00:00.000Z
1693,160,1474,59,128776,39242,83710,5824,1597104000000,2020-08-11T00:00:00.000Z
1942,-225,2088,79,130718,39017,85798,5903,1597190400000,2020-08-12T00:00:00.000Z
2098,273,1760,65,132816,39290,87558,5968,1597276800000,2020-08-13T00:00:00.000Z
2307,194,2060,53,135123,39484,89618,6021,1597363200000,2020-08-14T00:00:00.000Z
2345,592,1703,50,137468,40076,91321,6071,1597449600000,2020-08-15T00:00:00.000Z
2081,220,1782,79,139549,40296,93103,6150,1597536000000,2020-08-16T00:00:00.000Z
1821,409,1355,57,141370,40705,94458,6207,1597622400000,2020-08-17T00:00:00.000Z
1673,-245,1848,70,143043,40460,96306,6277,1597708800000,2020-08-18T00:00:00.000Z
1902,-518,2351,69,144945,39942,98657,6346,1597795200000,2020-08-19T00:00:00.000Z
2266,177,2017,72,147211,40119,100674,6418,1597881600000,2020-08-20T00:00:00.000Z
2197,-202,2317,82,149408,39917,102991,6500,1597968000000,2020-08-21T00:00:00.000Z
2090,-211,2207,94,151498,39706,105198,6594,1598054400000,2020-08-22T00:00:00.000Z
2037,-351,2302,86,153535,39355,107500,6680,1598140800000,2020-08-23T00:00:00.000Z
1877,-1762,3560,79,155412,37593,111060,6759,1598227200000,2020-08-24T00:00:00.000Z
2447,541,1807,99,157859,38134,112867,6858,1598313600000,2020-08-25T00:00:00.000Z
2306,-322,2542,86,160165,37812,115409,6944,1598400000000,2020-08-26T00:00:00.000Z
2719,-567,3166,120,162884,37245,118575,7064,1598486400000,2020-08-27T00:00:00.000Z
3003,573,2325,105,165887,37818,120900,7169,1598572800000,2020-08-28T00:00:00.000Z
3308,1314,1902,92,169195,39132,122802,7261,1598659200000,2020-08-29T00:00:00.000Z
2858,1393,1383,82,172053,40525,124185,7343,1598745600000,2020-08-30T00:00:00.000Z
2743,895,1774,74,174796,41420,125959,7417,1598832000000,2020-08-31T00:00:00.000Z
2775,589,2098,88,177571,42009,128057,7505,1598918400000,2020-09-01T00:00:00.000Z
3075,1050,1914,111,180646,43059,129971,7616,1599004800000,2020-09-02T00:00:00.000Z
3622,1404,2084,134,184268,44463,132055,7750,1599091200000,2020-09-03T00:00:00.000Z
3269,1061,2126,82,187537,45524,134181,7832,1599177600000,2020-09-04T00:00:00.000Z
3128,800,2220,108,190665,46324,136401,7940,1599264000000,2020-09-05T00:00:00.000Z
3444,1185,2174,85,194109,47509,138575,8025,1599350400000,2020-09-06T00:00:00.000Z
2880,698,2077,105,196989,48207,140652,8130,1599436800000,2020-09-07T00:00:00.000Z
3046,640,2306,100,200035,48847,142958,8230,1599523200000,2020-09-08T00:00:00.000Z
3307,959,2242,106,203342,49806,145200,8336,1599609600000,2020-09-09T00:00:00.000Z
3861,1431,2310,120,207203,51237,147510,8456,1599696000000,2020-09-10T00:00:00.000Z
3737,942,2707,88,210940,52179,150217,8544,1599782400000,2020-09-11T00:00:00.000Z
3806,1459,2241,106,214746,53638,152458,8650,1599868800000,2020-09-12T00:00:00.000Z
3636,1011,2552,73,218382,54649,155010,8723,1599955200000,2020-09-13T00:00:00.000Z
3141,-372,3395,118,221523,54277,158405,8841,1600041600000,2020-09-14T00:00:00.000Z
3507,723,2660,124,225030,55000,161065,8965,1600128000000,2020-09-15T00:00:00.000Z
3963,792,3036,135,228993,55792,164101,9100,1600214400000,2020-09-16T00:00:00.000Z
3635,928,2585,122,232628,56720,166686,9222,1600300800000,2020-09-17T00:00:00.000Z
3891,-311,4088,114,236519,56409,170774,9336,1600387200000,2020-09-18T00:00:00.000Z
4168,480,3576,112,240687,56889,174350,9448,1600473600000,2020-09-19T00:00:00.000Z
3989,907,2977,105,244676,57796,177327,9553,1600560000000,2020-09-20T00:00:00.000Z
4176,582,3470,124,248852,58378,180797,9677,1600646400000,2020-09-21T00:00:00.000Z
4071,410,3501,160,252923,58788,184298,9837,1600732800000,2020-09-22T00:00:00.000Z
4465,665,3660,140,257388,59453,187958,9977,1600819200000,2020-09-23T00:00:00.000Z
4634,611,3895,128,262022,60064,191853,10105,1600905600000,2020-09-24T00:00:00.000Z
4823,367,4343,113,266845,60431,196196,10218,1600992000000,2020-09-25T00:00:00.000Z
4494,1197,3207,90,271339,61628,199403,10308,1601078400000,2020-09-26T00:00:00.000Z
3874,185,3611,78,275213,61813,203014,10386,1601164800000,2020-09-27T00:00:00.000Z
3509,-434,3856,87,278722,61379,206870,10473,1601251200000,2020-09-28T00:00:00.000Z
4002,307,3567,128,282724,61686,210437,10601,1601337600000,2020-09-29T00:00:00.000Z
4284,-365,4510,139,287008,61321,214947,10740,1601424000000,2020-09-30T00:00:00.000Z
4174,518,3540,116,291182,61839,218487,10856,1601510400000,2020-10-01T00:00:00.000Z
4317,1348,2853,116,295499,63187,221340,10972,1601596800000,2020-10-02T00:00:00.000Z
4007,212,3712,83,299506,63399,225052,11055,1601683200000,2020-10-03T00:00:00.000Z
3992,495,3401,96,303498,63894,228453,11151,1601769600000,2020-10-04T00:00:00.000Z
3622,-620,4140,102,307120,63274,232593,11253,1601856000000,2020-10-05T00:00:00.000Z
4056,91,3844,121,311176,63365,236437,11374,1601942400000,2020-10-06T00:00:00.000Z
4538,586,3854,98,315714,63951,240291,11472,1602028800000,2020-10-07T00:00:00.000Z
4850,973,3769,108,320564,64924,244060,11580,1602115200000,2020-10-08T00:00:00.000Z
4094,390,3607,97,324658,65314,247667,11677,1602201600000,2020-10-09T00:00:00.000Z
4294,392,3814,88,328952,65706,251481,11765,1602288000000,2020-10-10T00:00:00.000Z
4497,872,3546,79,333449,66578,255027,11844,1602374400000,2020-10-11T00:00:00.000Z
3267,-316,3492,91,336716,66262,258519,11935,1602460800000,2020-10-12T00:00:00.000Z
3906,-963,4777,92,340622,65299,263296,12027,1602547200000,2020-10-13T00:00:00.000Z
4127,-557,4555,129,344749,64742,267851,12156,1602633600000,2020-10-14T00:00:00.000Z
4411,-1511,5810,112,349160,63231,273661,12268,1602720000000,2020-10-15T00:00:00.000Z
4301,339,3883,79,353461,63570,277544,12347,1602806400000,2020-10-16T00:00:00.000Z
4301,169,4048,84,357762,63739,281592,12431,1602892800000,2020-10-17T00:00:00.000Z
4105,293,3732,80,361867,64032,285324,12511,1602979200000,2020-10-18T00:00:00.000Z
3373,-652,3919,106,365240,63380,289243,12617,1603065600000,2020-10-19T00:00:00.000Z
3602,-925,4410,117,368842,62455,293653,12734,1603152000000,2020-10-20T00:00:00.000Z
4267,288,3856,123,373109,62743,297509,12857,1603238400000,2020-10-21T00:00:00.000Z
4432,833,3497,102,377541,63576,301006,12959,1603324800000,2020-10-22T00:00:00.000Z
4369,157,4094,118,381910,63733,305100,13077,1603411200000,2020-10-23T00:00:00.000Z
4070,-177,4119,128,385980,63556,309219,13205,1603497600000,2020-10-24T00:00:00.000Z
3732,-907,4545,94,389712,62649,313764,13299,1603584000000,2020-10-25T00:00:00.000Z
3222,-798,3908,112,392934,61851,317672,13411,1603670400000,2020-10-26T00:00:00.000Z
3520,-1157,4576,101,396454,60694,322248,13512,1603756800000,2020-10-27T00:00:00.000Z
4029,384,3545,100,400483,61078,325793,13612,1603843200000,2020-10-28T00:00:00.000Z
3565,-509,3985,89,404048,60569,329778,13701,1603929600000,2020-10-29T00:00:00.000Z
2897,-1701,4517,81,406945,58868,334295,13782,1604016000000,2020-10-30T00:00:00.000Z
3143,-450,3506,87,410088,58418,337801,13869,1604102400000,2020-10-31T00:00:00.000Z
2696,-1519,4141,74,412784,56899,341942,13943,1604188800000,2020-11-01T00:00:00.000Z
2618,-1107,3624,101,415402,55792,345566,14044,1604275200000,2020-11-02T00:00:00.000Z
2973,-1060,3931,102,418375,54732,349497,14146,1604361600000,2020-11-03T00:00:00.000Z
3356,-542,3785,113,421731,54190,353282,14259,1604448000000,2020-11-04T00:00:00.000Z
4065,116,3860,89,425796,54306,357142,14348,1604534400000,2020-11-05T00:00:00.000Z
3778,121,3563,94,429574,54427,360705,14442,1604620800000,2020-11-06T00:00:00.000Z
4262,452,3712,98,433836,54879,364417,14540,1604707200000,2020-11-07T00:00:00.000Z
3880,-75,3881,74,437716,54804,368298,14614,1604793600000,2020-11-08T00:00:00.000Z
2853,-1190,3968,75,440569,53614,372266,14689,1604880000000,2020-11-09T00:00:00.000Z
3779,232,3475,72,444348,53846,375741,14761,1604966400000,2020-11-10T00:00:00.000Z
3770,454,3241,75,448118,54300,378982,14836,1605052800000,2020-11-11T00:00:00.000Z
4173,974,3102,97,452291,55274,382084,14933,1605139200000,2020-11-12T00:00:00.000Z
5444,2330,3010,104,457735,57604,385094,15037,1605225600000,2020-11-13T00:00:00.000Z
5272,2161,3000,111,463007,59765,388094,15148,1605312000000,2020-11-14T00:00:00.000Z
4106,146,3897,63,467113,59911,391991,15211,1605398400000,2020-11-15T00:00:00.000Z
3535,-2,3452,85,470648,59909,395443,15296,1605484800000,2020-11-16T00:00:00.000Z
3807,517,3193,97,474455,60426,398636,15393,1605571200000,2020-11-17T00:00:00.000Z
4265,444,3711,110,478720,60870,402347,15503,1605657600000,2020-11-18T00:00:00.000Z
4798,436,4265,97,483518,61306,406612,15600,1605744000000,2020-11-19T00:00:00.000Z
4792,774,3940,78,488310,62080,410552,15678,1605830400000,2020-11-20T00:00:00.000Z
4998,1499,3403,96,493308,63579,413955,15774,1605916800000,2020-11-21T00:00:00.000Z
4360,17,4233,110,497668,63596,418188,15884,1606003200000,2020-11-22T00:00:00.000Z
4442,126,4198,118,502110,63722,422386,16002,1606089600000,2020-11-23T00:00:00.000Z
4192,1156,2927,109,506302,64878,425313,16111,1606176000000,2020-11-24T00:00:00.000Z
5534,926,4494,114,511836,65804,429807,16225,1606262400000,2020-11-25T00:00:00.000Z
4917,948,3842,127,516753,66752,433649,16352,1606348800000,2020-11-26T00:00:00.000Z
5828,1852,3807,169,522581,68604,437456,16521,1606435200000,2020-11-27T00:00:00.000Z
5418,766,4527,125,527999,69370,441983,16646,1606521600000,2020-11-28T00:00:00.000Z
6267,2288,3810,169,534266,71658,445793,16815,1606608000000,2020-11-29T00:00:00.000Z
4617,-238,4725,130,538883,71420,450518,16945,1606694400000,2020-11-30T00:00:00.000Z
5092,595,4361,136,543975,72015,454879,17081,1606780800000,2020-12-01T00:00:00.000Z
5533,1414,4001,118,549508,73429,458880,17199,1606867200000,2020-12-02T00:00:00.000Z
8369,4540,3673,156,557877,77969,462553,17355,1606953600000,2020-12-03T00:00:00.000Z
5803,2054,3625,124,563680,80023,466178,17479,1607040000000,2020-12-04T00:00:00.000Z
6027,1646,4271,110,569707,81669,470449,17589,1607126400000,2020-12-05T00:00:00.000Z
6089,1616,4322,151,575796,83285,474771,17740,1607212800000,2020-12-06T00:00:00.000Z
5754,1196,4431,127,581550,84481,479202,17867,1607299200000,2020-12-07T00:00:00.000Z
5292,864,4295,133,586842,85345,483497,18000,1607385600000,2020-12-08T00:00:00.000Z
6058,1939,3948,171,592900,87284,487445,18171,1607472000000,2020-12-09T00:00:00.000Z
6033,1338,4530,165,598933,88622,491975,18336,1607558400000,2020-12-10T00:00:00.000Z
6310,1224,4911,175,605243,89846,496886,18511,1607644800000,2020-12-11T00:00:00.000Z
6388,1756,4490,142,611631,91602,501376,18653,1607731200000,2020-12-12T00:00:00.000Z
6189,1563,4460,166,617820,93165,505836,18819,1607817600000,2020-12-13T00:00:00.000Z
5489,231,5121,137,623309,93396,510957,18956,1607904000000,2020-12-14T00:00:00.000Z
6120,266,5699,155,629429,93662,516656,19111,1607990400000,2020-12-15T00:00:00.000Z
6725,1260,5328,137,636154,94922,521984,19248,1608076800000,2020-12-16T00:00:00.000Z
7354,2217,4995,142,643508,97139,526979,19390,1608163200000,2020-12-17T00:00:00.000Z
6689,1549,5016,124,650197,98688,531995,19514,1608249600000,2020-12-18T00:00:00.000Z
7751,3341,4265,145,657948,102029,536260,19659,1608336000000,2020-12-19T00:00:00.000Z
6982,1210,5551,221,664930,103239,541811,19880,1608422400000,2020-12-20T00:00:00.000Z
6848,1570,5073,205,671778,104809,546884,20085,1608508800000,2020-12-21T00:00:00.000Z
6347,337,5838,172,678125,105146,552722,20257,1608595200000,2020-12-22T00:00:00.000Z
7514,1382,5981,151,685639,106528,558703,20408,1608681600000,2020-12-23T00:00:00.000Z
7199,1741,5277,181,692838,108269,563980,20589,1608768000000,2020-12-24T00:00:00.000Z
7259,677,6324,258,700097,108946,570304,20847,1608854400000,2020-12-25T00:00:00.000Z
6740,204,6389,147,706837,109150,576693,20994,1608940800000,2020-12-26T00:00:00.000Z
6528,-698,6983,243,713365,108452,583676,21237,1609027200000,2020-12-27T00:00:00.000Z
5854,-663,6302,215,719219,107789,589978,21452,1609113600000,2020-12-28T00:00:00.000Z
7903,847,6805,251,727122,108636,596783,21703,1609200000000,2020-12-29T00:00:00.000Z
8002,803,6958,241,735124,109439,603741,21944,1609286400000,2020-12-30T00:00:00.000Z
8074,524,7356,194,743198,109963,611097,22138,1609372800000,2020-12-31T00:00:00.000Z
8072,1042,6839,191,751270,111005,617936,22329,1609459200000,2021-01-01T00:00:00.000Z
7203,-605,7582,226,758473,110400,625518,22555,1609545600000,2021-01-02T00:00:00.000Z
6877,279,6419,179,765350,110679,631937,22734,1609632000000,2021-01-03T00:00:00.000Z
6753,-590,7166,177,772103,110089,639103,22911,1609718400000,2021-01-04T00:00:00.000Z
7445,604,6643,198,779548,110693,645746,23109,1609804800000,2021-01-05T00:00:00.000Z
8854,1900,6767,187,788402,112593,652513,23296,1609891200000,2021-01-06T00:00:00.000Z
9321,2173,6924,224,797723,114766,659437,23520,1609977600000,2021-01-07T00:00:00.000Z
10617,2938,7446,233,808340,117704,666883,23753,1610064000000,2021-01-08T00:00:00.000Z
10046,3224,6628,194,818386,120928,673511,23947,1610150400000,2021-01-09T00:00:00.000Z
9640,1945,7513,182,828026,122873,681024,24129,1610236800000,2021-01-10T00:00:00.000Z
8692,763,7715,214,836718,123636,688739,24343,1610323200000,2021-01-11T00:00:00.000Z
10047,2677,7068,302,846765,126313,695807,24645,1610409600000,2021-01-12T00:00:00.000Z
11278,3315,7657,306,858043,129628,703464,24951,1610496000000,2021-01-13T00:00:00.000Z
11557,3521,7741,295,869600,133149,711205,25246,1610582400000,2021-01-14T00:00:00.000Z
12818,5089,7491,238,882418,138238,718696,25484,1610668800000,2021-01-15T00:00:00.000Z
14224,5279,8662,283,896642,143517,727358,25767,1610755200000,2021-01-16T00:00:00.000Z
11287,1965,9102,220,907929,145482,736460,25987,1610841600000,2021-01-17T00:00:00.000Z
9086,-684,9475,295,917015,144798,745935,26282,1610928000000,2021-01-18T00:00:00.000Z
10365,2044,8013,308,927380,146842,753948,26590,1611014400000,2021-01-19T00:00:00.000Z
12568,2546,9755,267,939948,149388,763703,26857,1611100800000,2021-01-20T00:00:00.000Z
11703,2270,9087,346,951651,151658,772790,27203,1611187200000,2021-01-21T00:00:00.000Z
13632,5025,8357,250,965283,156683,781147,27453,1611273600000,2021-01-22T00:00:00.000Z
12191,2068,9912,211,977474,158751,791059,27664,1611360000000,2021-01-23T00:00:00.000Z
11788,3866,7751,171,989262,162617,798810,27835,1611446400000,2021-01-24T00:00:00.000Z
9994,-981,10678,297,999256,161636,809488,28132,1611532800000,2021-01-25T00:00:00.000Z
13094,1890,10868,336,1012350,163526,820356,28468,1611619200000,2021-01-26T00:00:00.000Z
11948,587,10974,387,1024298,164113,831330,28855,1611705600000,2021-01-27T00:00:00.000Z
13695,2427,10792,476,1037993,166540,842122,29331,1611792000000,2021-01-28T00:00:00.000Z
13802,3477,10138,187,1051795,170017,852260,29518,1611878400000,2021-01-29T00:00:00.000Z
14518,4066,10242,210,1066313,174083,862502,29728,1611964800000,2021-01-30T00:00:00.000Z
12001,1012,10719,270,1078314,175095,873221,29998,1612051200000,2021-01-31T00:00:00.000Z
10994,254,10461,279,1089308,175349,883682,30277,1612137600000,2021-02-01T00:00:00.000Z
10379,-2773,12848,304,1099687,172576,896530,30581,1612224000000,2021-02-02T00:00:00.000Z
11984,2660,9135,189,1111671,175236,905665,30770,1612310400000,2021-02-03T00:00:00.000Z
11434,-438,11641,231,1123105,174798,917306,31001,1612396800000,2021-02-04T00:00:00.000Z
11749,1874,9674,201,1134854,176672,926980,31202,1612483200000,2021-02-05T00:00:00.000Z
12156,-239,12204,191,1147010,176433,939184,31393,1612569600000,2021-02-06T00:00:00.000Z
10827,-142,10806,163,1157837,176291,949990,31556,1612656000000,2021-02-07T00:00:00.000Z
8242,-5003,13038,207,1166079,171288,963028,31763,1612742400000,2021-02-08T00:00:00.000Z
8700,-1937,10424,213,1174779,169351,973452,31976,1612828800000,2021-02-09T00:00:00.000Z
8776,-935,9520,191,1183555,168416,982972,32167,1612915200000,2021-02-10T00:00:00.000Z
8435,-1924,10145,214,1191990,166492,993117,32381,1613001600000,2021-02-11T00:00:00.000Z
9869,-1406,11000,275,1201859,165086,1004117,32656,1613088000000,2021-02-12T00:00:00.000Z
8844,-3355,11919,280,1210703,161731,1016036,32936,1613174400000,2021-02-13T00:00:00.000Z
6765,-2719,9237,247,1217468,159012,1025273,33183,1613260800000,2021-02-14T00:00:00.000Z
6462,-514,6792,184,1223930,158498,1032065,33367,1613347200000,2021-02-15T00:00:00.000Z
10029,2191,7609,229,1233959,160689,1039674,33596,1613433600000,2021-02-16T00:00:00.000Z
9687,1493,8002,192,1243646,162182,1047676,33788,1613520000000,2021-02-17T00:00:00.000Z
9039,-1688,10546,181,1252685,160494,1058222,33969,1613606400000,2021-02-18T00:00:00.000Z
10614,-352,10783,183,1263299,160142,1069005,34152,1613692800000,2021-02-19T00:00:00.000Z
8054,-1945,9835,164,1271353,158197,1078840,34316,1613779200000,2021-02-20T00:00:00.000Z
7300,-1109,8236,173,1278653,157088,1087076,34489,1613865600000,2021-02-21T00:00:00.000Z
10180,60,9918,202,1288833,157148,1096994,34691,1613952000000,2021-02-22T00:00:00.000Z
9775,1456,7996,323,1298608,158604,1104990,35014,1614038400000,2021-02-23T00:00:00.000Z
7533,-442,7735,240,1306141,158162,1112725,35254,1614124800000,2021-02-24T00:00:00.000Z
8493,-457,8686,264,1314634,157705,1121411,35518,1614211200000,2021-02-25T00:00:00.000Z
8232,703,7261,268,1322866,158408,1128672,35786,1614297600000,2021-02-26T00:00:00.000Z
6208,-1369,7382,195,1329074,157039,1136054,35981,1614384000000,2021-02-27T00:00:00.000Z
5560,-1274,6649,185,1334634,155765,1142703,36166,1614470400000,2021-02-28T00:00:00.000Z
6680,-2691,9212,159,1341314,153074,1151915,36325,1614556800000,2021-03-01T00:00:00.000Z
5712,-3429,8948,193,1347026,149645,1160863,36518,1614643200000,2021-03-02T00:00:00.000Z
6808,-2448,9053,203,1353834,147197,1169916,36721,1614729600000,2021-03-03T00:00:00.000Z
7264,648,6440,176,1361098,147845,1176356,36897,1614816000000,2021-03-04T00:00:00.000Z
6971,511,6331,129,1368069,148356,1182687,37026,1614902400000,2021-03-05T00:00:00.000Z
5767,-1184,6823,128,1373836,147172,1189510,37154,1614988800000,2021-03-06T00:00:00.000Z
5826,568,5146,112,1379662,147740,1194656,37266,1615075200000,2021-03-07T00:00:00.000Z
6894,-2112,8725,281,1386556,145628,1203381,37547,1615161600000,2021-03-08T00:00:00.000Z
6389,-1317,7496,210,1392945,144311,1210877,37757,1615248000000,2021-03-09T00:00:00.000Z
5633,-98,5556,175,1398578,144213,1216433,37932,1615334400000,2021-03-10T00:00:00.000Z
5144,-3143,8170,117,1403722,141070,1224603,38049,1615420800000,2021-03-11T00:00:00.000Z
6412,-619,6851,180,1410134,140451,1231454,38229,1615507200000,2021-03-12T00:00:00.000Z
4607,-1509,6016,100,1414741,138942,1237470,38329,1615593600000,2021-03-13T00:00:00.000Z
4714,-1030,5647,97,1419455,137912,1243117,38426,1615680000000,2021-03-14T00:00:00.000Z
5589,-1388,6830,147,1425044,136524,1249947,38573,1615766400000,2021-03-15T00:00:00.000Z
5414,-2482,7716,180,1430458,134042,1257663,38753,1615852800000,2021-03-16T00:00:00.000Z
6825,-2347,9010,162,1437283,131695,1266673,38915,1615939200000,2021-03-17T00:00:00.000Z
6570,58,6285,227,1443853,131753,1272958,39142,1616025600000,2021-03-18T00:00:00.000Z
6279,75,6007,197,1450132,131828,1278965,39339,1616112000000,2021-03-19T00:00:00.000Z
5656,-212,5760,108,1455788,131616,1284725,39447,1616198400000,2021-03-20T00:00:00.000Z
4396,-1772,6065,103,1460184,129844,1290790,39550,1616284800000,2021-03-21T00:00:00.000Z
5744,-1594,7177,161,1465928,128250,1297967,39711,1616371200000,2021-03-22T00:00:00.000Z
5297,-1811,6954,154,1471225,126439,1304921,39865,1616457600000,2021-03-23T00:00:00.000Z
5227,-2513,7622,118,1476452,123926,1312543,39983,1616544000000,2021-03-24T00:00:00.000Z
6107,1353,4656,98,1482559,125279,1317199,40081,1616630400000,2021-03-25T00:00:00.000Z
4982,-782,5679,85,1487541,124497,1322878,40166,1616716800000,2021-03-26T00:00:00.000Z
4461,20,4243,198,1492002,124517,1327121,40364,1616803200000,2021-03-27T00:00:00.000Z
4083,-281,4279,85,1496085,124236,1331400,40449,1616889600000,2021-03-28T00:00:00.000Z
5008,-542,5418,132,1501093,123694,1336818,40581,1616976000000,2021-03-29T00:00:00.000Z
4682,-1368,5877,173,1505775,122326,1342695,40754,1617062400000,2021-03-30T00:00:00.000Z
5937,198,5635,104,1511712,122524,1348330,40858,1617148800000,2021-03-31T00:00:00.000Z
6142,-1302,7248,196,1517854,121222,1355578,41054,1617235200000,2021-04-01T00:00:00.000Z
5325,-211,5439,97,1523179,121011,1361017,41151,1617321600000,2021-04-02T00:00:00.000Z
4345,-943,5197,91,1527524,120068,1366214,41242,1617408000000,2021-04-03T00:00:00.000Z
6731,-3359,9663,427,1534255,116709,1375877,41669,1617494400000,2021-04-04T00:00:00.000Z
3712,-2234,5800,146,1537967,114475,1381677,41815,1617580800000,2021-04-05T00:00:00.000Z
4549,91,4296,162,1542516,114566,1385973,41977,1617667200000,2021-04-06T00:00:00.000Z
4860,-996,5769,87,1547376,113570,1391742,42064,1617753600000,2021-04-07T00:00:00.000Z
5504,-2299,7640,163,1552880,111271,1399382,42227,1617840000000,2021-04-08T00:00:00.000Z
5265,-1133,6277,121,1558145,110138,1405659,42348,1617926400000,2021-04-09T00:00:00.000Z
4723,999,3629,95,1562868,111137,1409288,42443,1618012800000,2021-04-10T00:00:00.000Z
4127,-1179,5219,87,1566995,109958,1414507,42530,1618099200000,2021-04-11T00:00:00.000Z
4829,-586,5289,126,1571824,109372,1419796,42656,1618185600000,2021-04-12T00:00:00.000Z
5702,-773,6349,126,1577526,108599,1426145,42782,1618272000000,2021-04-13T00:00:00.000Z
5656,-215,5747,124,1583182,108384,1431892,42906,1618358400000,2021-04-14T00:00:00.000Z
6177,-352,6362,167,1589359,108032,1438254,43073,1618444800000,2021-04-15T00:00:00.000Z
5363,-735,5975,123,1594722,107297,1444229,43196,1618531200000,2021-04-16T00:00:00.000Z
5041,-1054,5963,132,1599763,106243,1450192,43328,1618617600000,2021-04-17T00:00:00.000Z
4585,-384,4873,96,1604348,105859,1455065,43424,1618704000000,2021-04-18T00:00:00.000Z
4952,-1540,6349,143,1609300,104319,1461414,43567,1618790400000,2021-04-19T00:00:00.000Z
5549,-1389,6728,210,1614849,102930,1468142,43777,1618876800000,2021-04-20T00:00:00.000Z
5720,-1824,7314,230,1620569,101106,1475456,44007,1618963200000,2021-04-21T00:00:00.000Z
6243,85,5993,165,1626812,101191,1481449,44172,1619049600000,2021-04-22T00:00:00.000Z
5436,-658,5920,174,1632248,100533,1487369,44346,1619136000000,2021-04-23T00:00:00.000Z
4544,-563,4953,154,1636792,99970,1492322,44500,1619222400000,2021-04-24T00:00:00.000Z
4402,504,3804,94,1641194,100474,1496126,44594,1619308800000,2021-04-25T00:00:00.000Z
5944,178,5589,177,1647138,100652,1501715,44771,1619395200000,2021-04-26T00:00:00.000Z
4656,-396,4884,168,1651794,100256,1506599,44939,1619481600000,2021-04-27T00:00:00.000Z
5241,246,4818,177,1657035,100502,1511417,45116,1619568000000,2021-04-28T00:00:00.000Z
5833,-400,6015,218,1662868,100102,1517432,45334,1619654400000,2021-04-29T00:00:00.000Z
5500,111,5202,187,1668368,100213,1522634,45521,1619740800000,2021-04-30T00:00:00.000Z
4512,37,4344,131,1672880,100250,1526978,45652,1619827200000,2021-05-01T00:00:00.000Z
4394,510,3740,144,1677274,100760,1530718,45796,1619913600000,2021-05-02T00:00:00.000Z
4730,-196,4773,153,1682004,100564,1535491,45949,1620000000000,2021-05-03T00:00:00.000Z
4369,-1477,5658,188,1686373,99087,1541149,46137,1620086400000,2021-05-04T00:00:00.000Z
5285,-870,5943,212,1691658,98217,1547092,46349,1620172800000,2021-05-05T00:00:00.000Z
5647,60,5440,147,1697305,98277,1552532,46496,1620259200000,2021-05-06T00:00:00.000Z
6327,269,5891,167,1703632,98546,1558423,46663,1620345600000,2021-05-07T00:00:00.000Z
6130,457,5494,179,1709762,99003,1563917,46842,1620432000000,2021-05-08T00:00:00.000Z
3922,-608,4360,170,1713684,98395,1568277,47012,1620518400000,2021-05-09T00:00:00.000Z
4891,-1653,6338,206,1718575,96742,1574615,47218,1620604800000,2021-05-10T00:00:00.000Z
5021,-818,5592,247,1723596,95924,1580207,47465,1620691200000,2021-05-11T00:00:00.000Z
4608,-215,4671,152,1728204,95709,1584878,47617,1620777600000,2021-05-12T00:00:00.000Z
3448,-852,4201,99,1731652,94857,1589079,47716,1620864000000,2021-05-13T00:00:00.000Z
2633,-1281,3807,107,1734285,93576,1592886,47823,1620950400000,2021-05-14T00:00:00.000Z
2385,-1940,4181,144,1736670,91636,1597067,47967,1621036800000,2021-05-15T00:00:00.000Z
3080,-836,3790,126,1739750,90800,1600857,48093,1621123200000,2021-05-16T00:00:00.000Z
4295,-1671,5754,212,1744045,89129,1606611,48305,1621209600000,2021-05-17T00:00:00.000Z
4185,-1615,5628,172,1748230,87514,1612239,48477,1621296000000,2021-05-18T00:00:00.000Z
4871,315,4364,192,1753101,87829,1616603,48669,1621382400000,2021-05-19T00:00:00.000Z
5797,610,4969,218,1758898,88439,1621572,48887,1621468800000,2021-05-20T00:00:00.000Z
5746,990,4570,186,1764644,89429,1626142,49073,1621555200000,2021-05-21T00:00:00.000Z
5296,1811,3353,132,1769940,91240,1629495,49205,1621641600000,2021-05-22T00:00:00.000Z
5280,1607,3550,123,1775220,92847,1633045,49328,1621728000000,2021-05-23T00:00:00.000Z
5907,546,5234,127,1781127,93393,1638279,49455,1621814400000,2021-05-24T00:00:00.000Z
5060,1093,3795,172,1786187,94486,1642074,49627,1621900800000,2021-05-25T00:00:00.000Z
5034,1701,3189,144,1791221,96187,1645263,49771,1621987200000,2021-05-26T00:00:00.000Z
6278,2218,3924,136,1797499,98405,1649187,49907,1622073600000,2021-05-27T00:00:00.000Z
5862,299,5370,193,1803361,98704,1654557,50100,1622160000000,2021-05-28T00:00:00.000Z
6565,986,5417,162,1809926,99690,1659974,50262,1622246400000,2021-05-29T00:00:00.000Z
6115,1949,4024,142,1816041,101639,1663998,50404,1622332800000,2021-05-30T00:00:00.000Z
5662,367,5121,174,1821703,102006,1669119,50578,1622419200000,2021-05-31T00:00:00.000Z
4824,-681,5360,145,1826527,101325,1674479,50723,1622505600000,2021-06-01T00:00:00.000Z
5246,-961,6022,185,1831773,100364,1680501,50908,1622592000000,2021-06-02T00:00:00.000Z
5353,-5926,11092,187,1837126,94438,1691593,51095,1622678400000,2021-06-03T00:00:00.000Z
6486,335,5950,201,1843612,94773,1697543,51296,1622764800000,2021-06-04T00:00:00.000Z
6594,2200,4241,153,1850206,96973,1701784,51449,1622851200000,2021-06-05T00:00:00.000Z
5832,1482,4187,163,1856038,98455,1705971,51612,1622937600000,2021-06-06T00:00:00.000Z
6993,1208,5594,191,1863031,99663,1711565,51803,1623024000000,2021-06-07T00:00:00.000Z
6294,300,5805,189,1869325,99963,1717370,51992,1623110400000,2021-06-08T00:00:00.000Z
7725,1672,5883,170,1877050,101635,1723253,52162,1623196800000,2021-06-09T00:00:00.000Z
8892,3020,5661,211,1885942,104655,1728914,52373,1623283200000,2021-06-10T00:00:00.000Z
8083,1660,6230,193,1894025,106315,1735144,52566,1623369600000,2021-06-11T00:00:00.000Z
7465,2009,5292,164,1901490,108324,1740436,52730,1623456000000,2021-06-12T00:00:00.000Z
9868,5064,4655,149,1911358,113388,1745091,52879,1623542400000,2021-06-13T00:00:00.000Z
8189,1809,6143,237,1919547,115197,1751234,53116,1623628800000,2021-06-14T00:00:00.000Z
8161,1590,6407,164,1927708,116787,1757641,53280,1623715200000,2021-06-15T00:00:00.000Z
9944,3519,6229,196,1937652,120306,1763870,53476,1623801600000,2021-06-16T00:00:00.000Z
12624,4997,7350,277,1950276,125303,1771220,53753,1623888000000,2021-06-17T00:00:00.000Z
12990,4793,7907,290,1963266,130096,1779127,54043,1623974400000,2021-06-18T00:00:00.000Z
12906,5642,7016,248,1976172,135738,1786143,54291,1624060800000,2021-06-19T00:00:00.000Z
13737,6981,6385,371,1989909,142719,1792528,54662,1624147200000,2021-06-20T00:00:00.000Z
14536,5009,9233,294,2004445,147728,1801761,54956,1624233600000,2021-06-21T00:00:00.000Z
13668,4958,8375,335,2018113,152686,1810136,55291,1624320000000,2021-06-22T00:00:00.000Z
15308,7838,7167,303,2033421,160524,1817303,55594,1624406400000,2021-06-23T00:00:00.000Z
20574,11018,9201,355,2053995,171542,1826504,55949,1624492800000,2021-06-24T00:00:00.000Z
18872,9893,8557,422,2072867,181435,1835061,56371,1624579200000,2021-06-25T00:00:00.000Z
21095,13341,7396,358,2093962,194776,1842457,56729,1624665600000,2021-06-26T00:00:00.000Z
21342,12909,8024,409,2115304,207685,1850481,57138,1624752000000,2021-06-27T00:00:00.000Z
20694,10791,9480,423,2135998,218476,1859961,57561,1624838400000,2021-06-28T00:00:00.000Z
20467,10359,9645,463,2156465,228835,1869606,58024,1624924800000,2021-06-29T00:00:00.000Z
21807,10533,10807,467,2178272,239368,1880413,58491,1625011200000,2021-06-30T00:00:00.000Z
24836,14458,9874,504,2203108,253826,1890287,58995,1625097600000,2021-07-01T00:00:00.000Z
25830,13713,11578,539,2228938,267539,1901865,59534,1625184000000,2021-07-02T00:00:00.000Z
27913,14138,13282,493,2256851,281677,1915147,60027,1625270400000,2021-07-03T00:00:00.000Z
27233,13551,13127,555,2284084,295228,1928274,60582,1625356800000,2021-07-04T00:00:00.000Z
29745,14771,14416,558,2313829,309999,1942690,61140,1625443200000,2021-07-05T00:00:00.000Z
31189,14598,15863,728,2345018,324597,1958553,61868,1625529600000,2021-07-06T00:00:00.000Z
34379,18504,14835,1040,2379397,343101,1973388,62908,1625616000000,2021-07-07T00:00:00.000Z
38391,16354,21185,852,2417788,359455,1994573,63760,1625702400000,2021-07-08T00:00:00.000Z
38124,8278,28975,871,2455912,367733,2023548,64631,1625788800000,2021-07-09T00:00:00.000Z
35094,5707,28561,826,2491006,373440,2052109,65457,1625875200000,2021-07-10T00:00:00.000Z
36197,2575,32615,1007,2527203,376015,2084724,66464,1625961600000,2021-07-11T00:00:00.000Z
40427,4782,34754,891,2567630,380797,2119478,67355,1626048000000,2021-07-12T00:00:00.000Z
47899,26912,20123,864,2615529,407709,2139601,68219,1626134400000,2021-07-13T00:00:00.000Z
54517,35764,17762,991,2670046,443473,2157363,69210,1626220800000,2021-07-14T00:00:00.000Z
56757,36726,19049,982,2726803,480199,2176412,70192,1626307200000,2021-07-15T00:00:00.000Z
54000,24716,28079,1205,2780803,504915,2204491,71397,1626393600000,2021-07-16T00:00:00.000Z
51952,22957,27903,1092,2832755,527872,2232394,72489,1626480000000,2021-07-17T00:00:00.000Z
44721,14364,29264,1093,2877476,542236,2261658,73582,1626566400000,2021-07-18T00:00:00.000Z
34257,702,32217,1338,2911733,542938,2293875,74920,1626652800000,2021-07-19T00:00:00.000Z
38325,7254,29791,1280,2950058,550192,2323666,76200,1626739200000,2021-07-20T00:00:00.000Z
33772,-498,32887,1383,2983830,549694,2356553,77583,1626825600000,2021-07-21T00:00:00.000Z
49509,11690,36370,1449,3033339,561384,2392923,79032,1626912000000,2021-07-22T00:00:00.000Z
49071,8517,38988,1566,3082410,569901,2431911,80598,1626998400000,2021-07-23T00:00:00.000Z
45416,4234,39767,1415,3127826,574135,2471678,82013,1627084800000,2021-07-24T00:00:00.000Z
38679,-227,37640,1266,3166505,573908,2509318,83279,1627171200000,2021-07-25T00:00:00.000Z
28228,-13633,40374,1487,3194733,560275,2549692,84766,1627257600000,2021-07-26T00:00:00.000Z
45203,-3994,47128,2069,3239936,556281,2596820,86835,1627344000000,2021-07-27T00:00:00.000Z
47791,2111,43856,1824,3287727,558392,2640676,88659,1627430400000,2021-07-28T00:00:00.000Z
43479,-3908,45494,1893,3331206,554484,2686170,90552,1627516800000,2021-07-29T00:00:00.000Z
41168,-5141,44550,1759,3372374,549343,2730720,92311,1627603200000,2021-07-30T00:00:00.000Z
37284,-3896,39372,1808,3409658,545447,2770092,94119,1627689600000,2021-07-31T00:00:00.000Z
30738,-10312,39446,1604,3440396,535135,2809538,95723,1627776000000,2021-08-01T00:00:00.000Z
22404,-11971,32807,1568,3462800,523164,2842345,97291,1627862400000,2021-08-02T00:00:00.000Z
33900,978,31324,1598,3496700,524142,2873669,98889,1627948800000,2021-08-03T00:00:00.000Z
35867,-131,34251,1747,3532567,524011,2907920,100636,1628035200000,2021-08-04T00:00:00.000Z
35764,-5701,39726,1739,3568331,518310,2947646,102375,1628121600000,2021-08-05T00:00:00.000Z
39532,-10935,48832,1635,3607863,507375,2996478,104010,1628208000000,2021-08-06T00:00:00.000Z
31753,-9551,39716,1588,3639616,497824,3036194,105598,1628294400000,2021-08-07T00:00:00.000Z
26415,-23591,48508,1498,3666031,474233,3084702,107096,1628380800000,2021-08-08T00:00:00.000Z
20709,-25725,44959,1475,3686740,448508,3129661,108571,1628467200000,2021-08-09T00:00:00.000Z
32081,-11453,41486,2048,3718821,437055,3171147,110619,1628553600000,2021-08-10T00:00:00.000Z
30625,-10885,39931,1579,3749446,426170,3211078,112198,1628640000000,2021-08-11T00:00:00.000Z
24709,-13394,36637,1466,3774155,412776,3247715,113664,1628726400000,2021-08-12T00:00:00.000Z
30788,-12647,42003,1432,3804943,400129,3289718,115096,1628812800000,2021-08-13T00:00:00.000Z
28598,-4552,31880,1270,3833541,395577,3321598,116366,1628899200000,2021-08-14T00:00:00.000Z
20813,-10770,30361,1222,3854354,384807,3351959,117588,1628985600000,2021-08-15T00:00:00.000Z
17384,-13786,29925,1245,3871738,371021,3381884,118833,1629072000000,2021-08-16T00:00:00.000Z
20741,-12664,32225,1180,3892479,358357,3414109,120013,1629158400000,2021-08-17T00:00:00.000Z
15768,-15154,29794,1128,3908247,343203,3443903,121141,1629244800000,2021-08-18T00:00:00.000Z
22053,-8451,29012,1492,3930300,334752,3472915,122633,1629331200000,2021-08-19T00:00:00.000Z
20004,-7466,26122,1348,3950304,327286,3499037,123981,1629417600000,2021-08-20T00:00:00.000Z
16744,-7628,23011,1361,3967048,319658,3522048,125342,1629504000000,2021-08-21T00:00:00.000Z
12408,-12898,24276,1030,3979456,306760,3546324,126372,1629590400000,2021-08-22T00:00:00.000Z
9604,-15996,24758,842,3989060,290764,3571082,127214,1629676800000,2021-08-23T00:00:00.000Z
19106,-17014,35082,1038,4008166,273750,3606164,128252,1629763200000,2021-08-24T00:00:00.000Z
18671,-16073,33703,1041,4026837,257677,3639867,129293,1629849600000,2021-08-25T00:00:00.000Z
16899,-14089,30099,889,4043736,243588,3669966,130182,1629936000000,2021-08-26T00:00:00.000Z
12618,-7271,19290,599,4056354,236317,3689256,130781,1630022400000,2021-08-27T00:00:00.000Z
10050,-9135,18594,591,4066404,227182,3707850,131372,1630108800000,2021-08-28T00:00:00.000Z
7427,-9592,16468,551,4073831,217590,3724318,131923,1630195200000,2021-08-29T00:00:00.000Z
5436,-14530,19398,568,4079267,203060,3743716,132491,1630281600000,2021-08-30T00:00:00.000Z
10534,-6779,16781,532,4089801,196281,3760497,133023,1630368000000,2021-08-31T00:00:00.000Z
10337,-6710,16394,653,4100138,189571,3776891,133676,1630454400000,2021-09-01T00:00:00.000Z
8955,-12933,21208,680,4109093,176638,3798099,134356,1630540800000,2021-09-02T00:00:00.000Z
7797,-8321,15544,574,4116890,168317,3813643,134930,1630627200000,2021-09-03T00:00:00.000Z
6727,-7618,13806,539,4123617,160699,3827449,135469,1630713600000,2021-09-04T00:00:00.000Z
5403,-5180,10191,392,4129020,155519,3837640,135861,1630800000000,2021-09-05T00:00:00.000Z
4413,-9248,13049,612,4133433,146271,3850689,136473,1630886400000,2021-09-06T00:00:00.000Z
7201,-7641,14159,683,4140634,138630,3864848,137156,1630972800000,2021-09-07T00:00:00.000Z
6731,-5807,11912,626,4147365,132823,3876760,137782,1631059200000,2021-09-08T00:00:00.000Z
5990,-4994,10650,334,4153355,127829,3887410,138116,1631145600000,2021-09-09T00:00:00.000Z
5376,-9295,14356,315,4158731,118534,3901766,138431,1631232000000,2021-09-10T00:00:00.000Z
5001,-2855,7586,270,4163732,115679,3909352,138701,1631318400000,2021-09-11T00:00:00.000Z
3779,-5810,9401,188,4167511,109869,3918753,138889,1631404800000,2021-09-12T00:00:00.000Z
2577,-10173,12474,276,4170088,99696,3931227,139165,1631491200000,2021-09-13T00:00:00.000Z
4128,-7368,11246,250,4174216,92328,3942473,139415,1631577600000,2021-09-14T00:00:00.000Z
3948,-7365,11046,267,4178164,84963,3953519,139682,1631664000000,2021-09-15T00:00:00.000Z
3145,-11725,14633,237,4181309,73238,3968152,139919,1631750400000,2021-09-16T00:00:00.000Z
3835,-4296,7912,219,4185144,68942,3976064,140138,1631836800000,2021-09-17T00:00:00.000Z
3385,-3876,7076,185,4188529,65066,3983140,140323,1631923200000,2021-09-18T00:00:00.000Z
2234,-4097,6186,145,4190763,60969,3989326,140468,1632009600000,2021-09-19T00:00:00.000Z
1932,-5033,6799,166,4192695,55936,3996125,140634,1632096000000,2021-09-20T00:00:00.000Z
3263,-3489,6581,171,4195958,52447,4002706,140805,1632182400000,2021-09-21T00:00:00.000Z
2720,-2785,5356,149,4198678,49662,4008062,140954,1632268800000,2021-09-22T00:00:00.000Z
2881,-1665,4386,160,4201559,47997,4012448,141114,1632355200000,2021-09-23T00:00:00.000Z
2557,-2194,4607,144,4204116,45803,4017055,141258,1632441600000,2021-09-24T00:00:00.000Z
2137,-1732,3746,123,4206253,44071,4020801,141381,1632528000000,2021-09-25T00:00:00.000Z
1760,-1302,2976,86,4208013,42769,4023777,141467,1632614400000,2021-09-26T00:00:00.000Z
1390,-2499,3771,118,4209403,40270,4027548,141585,1632700800000,2021-09-27T00:00:00.000Z
2057,-1618,3551,124,4211460,38652,4031099,141709,1632787200000,2021-09-28T00:00:00.000Z
1954,-1240,3077,117,4213414,37412,4034176,141826,1632873600000,2021-09-29T00:00:00.000Z
1690,-1271,2848,113,4215104,36141,4037024,141939,1632960000000,2021-09-30T00:00:00.000Z
1624,-1274,2811,87,4216728,34867,4039835,142026,1633046400000,2021-10-01T00:00:00.000Z
1414,-1055,2380,89,4218142,33812,4042215,142115,1633132800000,2021-10-02T00:00:00.000Z
1142,-936,2020,58,4219284,32876,4044235,142173,1633219200000,2021-10-03T00:00:00.000Z
922,-1822,2656,88,4220206,31054,4046891,142261,1633305600000,2021-10-04T00:00:00.000Z
1404,-1231,2558,77,4221610,29823,4049449,142338,1633392000000,2021-10-05T00:00:00.000Z
1484,-1442,2851,75,4223094,28381,4052300,142413,1633478400000,2021-10-06T00:00:00.000Z
1393,-634,1946,81,4224487,27747,4054246,142494,1633564800000,2021-10-07T00:00:00.000Z
1384,-2196,3514,66,4225871,25551,4057760,142560,1633651200000,2021-10-08T00:00:00.000Z
1167,-392,1507,52,4227038,25159,4059267,142612,1633737600000,2021-10-09T00:00:00.000Z
894,-729,1584,39,4227932,24430,4060851,142651,1633824000000,2021-10-10T00:00:00.000Z
620,-1889,2444,65,4228552,22541,4063295,142716,1633910400000,2021-10-11T00:00:00.000Z
1261,-916,2130,47,4229813,21625,4065425,142763,1633996800000,2021-10-12T00:00:00.000Z
1233,-1074,2259,48,4231046,20551,4067684,142811,1634083200000,2021-10-13T00:00:00.000Z
1053,-699,1715,37,4232099,19852,4069399,142848,1634169600000,2021-10-14T00:00:00.000Z
915,-534,1408,41,4233014,19318,4070807,142889,1634256000000,2021-10-15T00:00:00.000Z
997,-572,1525,44,4234011,18746,4072332,142933,1634342400000,2021-10-16T00:00:00.000Z
747,-358,1086,19,4234758,18388,4073418,142952,1634428800000,2021-10-17T00:00:00.000Z
626,-1014,1593,47,4235384,17374,4075011,142999,1634515200000,2021-10-18T00:00:00.000Z
903,-677,1530,50,4236287,16697,4076541,143049,1634601600000,2021-10-19T00:00:00.000Z
914,-321,1207,28,4237201,16376,4077748,143077,1634688000000,2021-10-20T00:00:00.000Z
633,-782,1372,43,4237834,15594,4079120,143120,1634774400000,2021-10-21T00:00:00.000Z
760,-504,1231,33,4238594,15090,4080351,143153,1634860800000,2021-10-22T00:00:00.000Z
802,-287,1066,23,4239396,14803,4081417,143176,1634947200000,2021-10-23T00:00:00.000Z
623,-443,1037,29,4240019,14360,4082454,143205,1635033600000,2021-10-24T00:00:00.000Z
460,-806,1236,30,4240479,13554,4083690,143235,1635120000000,2021-10-25T00:00:00.000Z
611,-565,1141,35,4241090,12989,4084831,143270,1635206400000,2021-10-26T00:00:00.000Z
719,-254,944,29,4241809,12735,4085775,143299,1635292800000,2021-10-27T00:00:00.000Z
723,-295,984,34,4242532,12440,4086759,143333,1635379200000,2021-10-28T00:00:00.000Z
683,-26,681,28,4243215,12414,4087440,143361,1635465600000,2021-10-29T00:00:00.000Z
620,-105,698,27,4243835,12309,4088138,143388,1635552000000,2021-10-30T00:00:00.000Z
523,9,497,17,4244358,12318,4088635,143405,1635638400000,2021-10-31T00:00:00.000Z
403,-399,784,18,4244761,11919,4089419,143423,1635724800000,2021-11-01T00:00:00.000Z
612,-290,868,34,4245373,11629,4090287,143457,1635811200000,2021-11-02T00:00:00.000Z
801,-37,814,24,4246174,11592,4091101,143481,1635897600000,2021-11-03T00:00:00.000Z
628,-228,837,19,4246802,11364,4091938,143500,1635984000000,2021-11-04T00:00:00.000Z
518,-149,648,19,4247320,11215,4092586,143519,1636070400000,2021-11-05T00:00:00.000Z
401,-236,622,15,4247721,10979,4093208,143534,1636156800000,2021-11-06T00:00:00.000Z
444,-154,587,11,4248165,10825,4093795,143545,1636243200000,2021-11-07T00:00:00.000Z
244,-1051,1283,12,4248409,9774,4095078,143557,1636329600000,2021-11-08T00:00:00.000Z
434,-172,585,21,4248843,9602,4095663,143578,1636416000000,2021-11-09T00:00:00.000Z
480,-65,531,14,4249323,9537,4096194,143592,1636502400000,2021-11-10T00:00:00.000Z
435,-51,470,16,4249758,9486,4096664,143608,1636588800000,2021-11-11T00:00:00.000Z
399,-181,560,20,4250157,9305,4097224,143628,1636675200000,2021-11-12T00:00:00.000Z
359,-108,451,16,4250516,9197,4097675,143644,1636761600000,2021-11-13T00:00:00.000Z
339,-179,503,15,4250855,9018,4098178,143659,1636848000000,2021-11-14T00:00:00.000Z
221,-496,706,11,4251076,8522,4098884,143670,1636934400000,2021-11-15T00:00:00.000Z
347,-183,515,15,4251423,8339,4099399,143685,1637020800000,2021-11-16T00:00:00.000Z
522,51,458,13,4251945,8390,4099857,143698,1637107200000,2021-11-17T00:00:00.000Z
400,-75,464,11,4252345,8315,4100321,143709,1637193600000,2021-11-18T00:00:00.000Z
360,-161,516,5,4252705,8154,4100837,143714,1637280000000,2021-11-19T00:00:00.000Z
393,0,379,14,4253098,8154,4101216,143728,1637366400000,2021-11-20T00:00:00.000Z
314,-28,331,11,4253412,8126,4101547,143739,1637452800000,2021-11-21T00:00:00.000Z
186,-161,342,5,4253598,7965,4101889,143744,1637539200000,2021-11-22T00:00:00.000Z
394,-49,434,9,4253992,7916,4102323,143753,1637625600000,2021-11-23T00:00:00.000Z
451,61,377,13,4254443,7977,4102700,143766,1637712000000,2021-11-24T00:00:00.000Z
372,63,293,16,4254815,8040,4102993,143782,1637798400000,2021-11-25T00:00:00.000Z
453,53,386,14,4255268,8093,4103379,143796,1637884800000,2021-11-26T00:00:00.000Z
404,133,260,11,4255672,8226,4103639,143807,1637971200000,2021-11-27T00:00:00.000Z
264,-12,275,1,4255936,8214,4103914,143808,1638057600000,2021-11-28T00:00:00.000Z
176,-254,419,11,4256112,7960,4104333,143819,1638144000000,2021-11-29T00:00:00.000Z
